0	1.9
1	1.9075377286648916
2	1.9150754573297832
3	1.922613185994675
4	1.9301509146595666
5	1.937688643324458
6	1.9452263719893497
7	1.9527641006542413
8	1.960301829319133
9	1.9678395579840247
10	1.9753772866489163
11	1.9829150153138078
12	1.9904527439786996
13	1.997990472643591
14	2.0055282013084827
15	2.013065929973375
16	2.020603658638266
17	2.0281413873031577
18	2.0356791159680494
19	2.043216844632941
20	2.0507545732978327
21	2.0582923019627244
22	2.065830030627616
23	2.0733677592925077
24	2.0809054879573994
25	2.0884432166222906
26	2.0959809452871827
27	2.103518673952074
28	2.1110564026169656
29	2.1185941312818573
30	2.1261318599467494
31	2.1336695886116406
32	2.1412073172765327
33	2.148745045941424
34	2.1562827746063156
35	2.1638205032712072
36	2.171358231936099
37	2.1788959606009906
38	2.186433689265882
39	2.193971417930774
40	2.2015091465956655
41	2.209046875260557
42	2.2165846039254484
43	2.2241223325903405
44	2.2316600612552318
45	2.239197789920124
46	2.246735518585015
47	2.254273247249907
48	2.2618109759147984
49	2.26934870457969
50	2.2768864332445817
51	2.2844241619094734
52	2.291961890574365
53	2.2994996192392567
54	2.3070373479041484
55	2.31457507656904
56	2.3221128052339317
57	2.3296505338988234
58	2.337188262563715
59	2.3447259912286067
60	2.3522637198934984
61	2.3598014485583896
62	2.3673391772232817
63	2.374876905888173
64	2.382414634553065
65	2.3899523632179562
66	2.3974900918828483
67	2.4050278205477396
68	2.412565549212631
69	2.420103277877523
70	2.4276410065424145
71	2.435178735207306
72	2.442716463872198
73	2.4502541925370895
74	2.457791921201981
75	2.465329649866873
76	2.4728673785317645
77	2.480405107196656
78	2.4879428358615474
79	2.4954805645264395
80	2.5030182931913307
81	2.510556021856223
82	2.518093750521114
83	2.525631479186006
84	2.5331692078508974
85	2.540706936515789
86	2.5482446651806807
87	2.5557823938455724
88	2.563320122510464
89	2.5708578511753557
90	2.5783955798402474
91	2.585933308505139
92	2.5934710371700307
93	2.6010087658349224
94	2.608546494499814
95	2.6160842231647052
96	2.6236219518295973
97	2.6311596804944886
98	2.6386974091593807
99	2.646235137824272
100	2.6537728664891636
101	2.661310595154055
102	2.668848323818947
103	2.6763860524838385
104	2.68392378114873
105	2.691461509813622
106	2.6989992384785135
107	2.706536967143405
108	2.714074695808297
109	2.7216124244731885
110	2.72915015313808
111	2.736687881802972
112	2.744225610467863
113	2.751763339132755
114	2.7593010677976464
115	2.766838796462538
116	2.7743765251274297
117	2.7819142537923214
118	2.789451982457213
119	2.7969897111221047
120	2.8045274397869964
121	2.812065168451888
122	2.8196028971167797
123	2.8271406257816714
124	2.834678354446563
125	2.8422160831114547
126	2.8497538117763463
127	2.857291540441238
128	2.8648292691061297
129	2.8723669977710213
130	2.879904726435913
131	2.887442455100804
132	2.8949801837656963
133	2.9025179124305875
134	2.910055641095479
135	2.917593369760371
136	2.9251310984252625
137	2.932668827090154
138	2.940206555755046
139	2.9477442844199375
140	2.955282013084829
141	2.962819741749721
142	2.9703574704146125
143	2.977895199079504
144	2.985432927744396
145	2.9929706564092875
146	3.000508385074179
147	3.008046113739071
148	3.0155838424039625
149	3.023121571068854
150	3.0306592997337454
151	3.038197028398637
152	3.0457347570635287
153	3.0532724857284204
154	3.060810214393312
155	3.0683479430582037
156	3.0758856717230953
157	3.083423400387987
158	3.0909611290528787
159	3.0984988577177703
160	3.106036586382662
161	3.1135743150475537
162	3.1211120437124453
163	3.128649772377337
164	3.1361875010422287
165	3.1437252297071203
166	3.151262958372012
167	3.1588006870369036
168	3.1663384157017953
169	3.1738761443666865
170	3.181413873031578
171	3.18895160169647
172	3.1964893303613615
173	3.204027059026253
174	3.211564787691145
175	3.2191025163560365
176	3.226640245020928
177	3.23417797368582
178	3.2417157023507115
179	3.249253431015603
180	3.254451591355599
181	3.2378700589390963
182	3.2212885265225935
183	3.20470699410609
184	3.1881254616895873
185	3.1715439292730845
186	3.1549623968565816
187	3.1383808644400784
188	3.1217993320235755
189	3.1052177996070727
190	3.0886362671905694
191	3.0720547347740665
192	3.0554732023575637
193	3.0388916699410604
194	3.0223101375245576
195	3.0406382980304727
196	3.127954661216401
197	3.2152710244023295
198	3.302587387588258
199	3.3899037507741863
200	3.477220113960114
201	3.564536477146043
202	3.651852840331971
203	3.7391692035178994
204	3.826485566703828
205	3.913801929889756
206	4.001118293075685
207	4.0884346562616125
208	4.175751019447541
209	4.263067382633469
210	4.350383745819397
211	4.415347185827518
212	4.385016584919721
213	4.354685984011923
214	4.324355383104125
215	4.2940247821963275
216	4.26369418128853
217	4.233363580380733
218	4.203032979472935
219	4.172702378565138
220	4.14237177765734
221	4.112041176749543
222	4.081710575841745
223	4.051379974933948
224	4.02104937402615
225	3.990718773118352
226	4.015878102089082
227	4.114894657075286
228	4.21391121206149
229	4.312927767047694
230	4.411944322033898
231	4.510960877020102
232	4.609977432006306
233	4.70899398699251
234	4.808010541978715
235	4.907027096964919
236	5.006043651951122
237	5.105060206937327
238	5.204076761923531
239	5.303093316909735
240	5.402109871895939
241	5.492769690421351
242	5.551415537867497
243	5.610061385313642
244	5.668707232759788
245	5.727353080205933
246	5.785998927652079
247	5.844644775098224
248	5.90329062254437
249	5.9619364699905155
250	6.020582317436661
251	6.079228164882807
252	6.137874012328952
253	6.196519859775098
254	6.255165707221243
255	6.313811554667389
256	6.3429010327158055
257	6.335128072526606
258	6.327355112337406
259	6.3195821521482065
260	6.311809191959006
261	6.304036231769807
262	6.296263271580607
263	6.288490311391407
264	6.280717351202207
265	6.272944391013008
266	6.265171430823807
267	6.257398470634608
268	6.249625510445408
269	6.241852550256208
270	6.234079590067008
271	6.266462384393066
272	6.438760072254335
273	6.506869983742041
274	6.554986770085354
275	6.603103556428668
276	6.651220342771983
277	6.699337129115297
278	6.747453915458611
279	6.795570701801925
280	6.87825888510375
281	7.001859070919792
282	7.125459256735834
283	7.249059442551875
284	7.372659628367916
285	7.496259814183959
286	7.61986
287	7.865040635838148
288	7.971367198132088
289	7.991135376917946
290	8.010903555703802
291	8.03067173448966
292	8.050439913275516
293	8.070208092061375
294	8.40523141618497
295	8.791845510597302
296	8.719962080924855
297	8.648078651252408
298	8.576195221579962
299	8.528095
300	8.739344999999998
301	8.950594999999996
302	9.055315813449026
303	9.103704546193445
304	9.420112023841774
305	9.736519501490106
306	10.052926979138437
307	10.145096132996025
308	10.142530177087098
309	10.13996422117817
310	9.929362760614266
311	10.258036654019868
312	10.586710547425472
313	10.915384440831074
314	11.244058334236676
315	11.572732227642279
316	11.80474166486018
317	11.931188662475614
318	12.057635660091048
319	12.184082657706483
320	12.310529655321918
321	12.436976652937352
322	12.563423650552787
323	12.689870648168222
324	12.816317645783656
325	12.975058934654694
326	13.22965788169712
327	13.484256828739548
328	13.738855775781975
329	13.993454722824401
330	14.248053669866827
331	14.502652616909256
332	14.505738590785908
333	14.44357056910569
334	14.800852477547231
335	15.180675952307217
336	15.560499427067203
337	15.940322901827189
338	16.320146376587175
339	16.699969851347163
340	16.666791007583974
341	16.671516996675816
342	17.030701849978318
343	17.38988670328082
344	17.74907155658332
345	18.10825640988582
346	18.46744126318832
347	18.82662611649082
348	19.01647497291441
349	19.33810489671002
350	19.744034506503443
351	20.149964116296864
352	20.555893726090286
353	20.961823335883707
354	21.36775294567713
355	21.77368255547055
356	22.17961216526397
357	23.084518940522976
358	24.054902357404153
359	25.02528577428533
360	25.99566919116651
361	26.966052608047686
362	27.936436024928863
363	28.90681944181004
364	29.86019562330622
365	30.79676743902438
366	31.733339254742535
367	32.66991107046069
368	33.60648288617885
369	34.54305470189701
370	35.479626517615166
371	36.47184326702371
372	37.86081291762305
373	39.249782568222386
374	40.63875221882173
375	42.027721869421065
376	43.41669152002041
377	44.80566117061974
378	46.194630821219086
379	47.760760902830924
380	49.78019472073453
381	51.799628538638125
382	53.81906235654172
383	55.838496174445325
384	57.85792999234892
385	59.877363810252525
386	61.89679762815612
387	64.53591429345624
388	67.96692635144295
389	71.39793840942966
390	74.82895046741636
391	78.25996252540307
392	81.69097458338979
393	85.1219866413765
394	88.73014336043356
395	95.21537371273709
396	101.70060406504061
397	108.18583441734414
398	114.67106476964767
399	121.15629512195119
400	127.64152547425472
401	134.12675582655825
402	139.656000650336
403	144.7312228484717
404	149.80644504660742
405	154.8816672447431
406	160.72584603124
407	177.63116958877904
408	194.5364931463181
409	211.44181670385714
410	217.63976964769645
411	225.9353219590526
412	237.7811670012044
413	249.62701204335622
414	266.78739396795487
415	284.1634542884072
416	294.6912984901277
417	303.9050034843204
418	312.21965496315545
419	317.92143216298217
420	323.6232093628089
421	334.15591826522103
422	344.94824520433684
423	352.0930576506285
424	356.2655760728219
425	357.07458941225485
426	347.46225093789053
427	337.8499124635262
428	328.6087635529606
429	319.43570266889066
430	307.6271237020315
431	292.558049209932
432	277.28138554216827
433	261.3175301204816
434	245.3536746987949
435	232.00856268593267
436	219.5740110497236
437	207.13945941351454
438	194.7049077773055
439	182.27883302063788
440	170.07975026057957
441	157.88066750052127
442	145.68158474046297
443	133.48250198040466
444	123.0391790591807
445	118.18637177541741
446	113.33356449165414
447	108.48075720789086
448	103.62794992412758
449	98.75336223715598
450	93.86576197702158
451	88.97816171688717
452	84.09056145675277
453	79.2056992846305
454	74.52872117927606
455	69.85174307392163
456	65.1747649685672
457	60.49778686321277
458	56.698172729243495
459	54.21460455235211
460	51.73103637546071
461	49.24746819856932
462	46.76390002167793
463	44.98612301931418
464	43.39936700827751
465	41.81261099724083
466	40.22585498620416
467	38.63909897516749
468	37.17987918801732
469	35.77199586125342
470	34.364112534489536
471	32.95622920772564
472	31.54834588096175
473	30.359585085627565
474	29.294616518534564
475	28.229647951441567
476	27.16467938434857
477	26.10024682419249
478	25.05589390851939
479	24.011540992846292
480	22.967188077173194
481	21.922835161500096
482	21.094338088012133
483	20.572638543247336
484	20.050938998482543
485	19.529239453717746
486	19.00753990895295
487	18.35827045306741
488	17.67710851940168
489	16.995946585735954
490	16.314784652070227
491	15.695130435725119
492	15.342886776501189
493	14.990643117277255
494	14.638399458053323
495	14.286155798829391
496	13.822291760624452
497	13.275587510841282
498	12.72888326105811
499	12.182179011274938
500	11.635474761491766
501	11.382197550401042
502	11.140511012356386
503	10.89882447431173
504	10.657137936267073
505	10.425250849261086
506	10.211642967487686
507	9.998035085714287
508	9.784427203940886
509	9.570819322167488
510	9.28758208908159
511	8.81985248718959
512	8.352122885297586
513	7.884393283405583
514	7.416663681513581
515	7.053450301322353
516	7.108301807934101
517	7.16315331454585
518	7.2180048211575984
519	7.272856327769348
520	7.217255634077607
521	7.083943256015607
522	6.950630877953606
523	6.817318499891606
524	6.684006121829605
525	6.469079362532517
526	6.251973985255852
527	6.034868607979186
528	5.8177632307025196
529	5.657462512464775
530	5.5972760828094525
531	5.53708965315413
532	5.476903223498807
533	5.416716793843484
534	5.2943664491654
535	5.1511841383047905
536	5.008001827444181
537	4.864819516583571
538	4.730122980706701
539	4.649336074138306
540	4.568549167569912
541	4.487762261001516
542	4.406975354433122
543	4.315294220680683
544	4.213677051810101
545	4.112059882939519
546	4.010442714068938
547	3.9088255451983556
548	3.8455489889633445
549	3.7860643614505345
550	3.726579733937724
551	3.667095106424914
552	3.6076104789121035
553	3.548125851399293
554	3.488641223886483
555	3.4291565963736725
556	3.3696719688608625
557	3.310187341348052
558	3.2593258161716916
559	3.211157595924564
560	3.162989375677436
561	3.1148211554303082
562	3.0666529351831806
563	3.018484714936053
564	2.9703164946889253
565	2.9221482744417977
566	2.87398005419467
567	2.8399200325168015
568	2.818073078257101
569	2.7962261239974
570	2.774379169737699
571	2.752532215477998
572	2.7306852612182975
573	2.7088383069585964
574	2.6869913526988958
575	2.6651443984391947
576	2.62564431172773
577	2.546851768913943
578	2.4680592261001557
579	2.389266683286369
580	2.3104741404725817
581	2.2316815976587945
582	2.1528890548450077
583	2.0740965120312205
584	1.9953039692174332
585	1.9221546629877815
586	1.9105435080804105
587	1.8989323531730393
588	1.8873211982656684
589	1.8757100433582974
590	1.8640988884509264
591	1.8524877335435552
592	1.8408765786361843
593	1.8292654237288133
594	1.8176542688214423
595	1.8060431139140711
596	1.7825733006274946
597	1.7582926389047338
598	1.7340119771819726
599	1.7097313154592118
600	1.6854506537364506
601	1.6611699920136895
602	1.6368893302909286
603	1.6126086685681675
604	1.5880848745741702
605	1.5623823867038285
606	1.5366798988334869
607	1.5109774109631453
608	1.4852749230928035
609	1.459572435222462
610	1.4338699473521201
611	1.4081674594817786
612	1.382464971611437
613	1.3567624837410952
614	1.3398550487752001
615	1.3323241578148706
616	1.3247932668545412
617	1.3172623758942117
618	1.3097314849338821
619	1.3022005939735526
620	1.294669703013223
621	1.2871388120528937
622	1.2796079210925642
623	1.2660558406504052
624	1.2351870059620584
625	1.2043181712737117
626	1.1734493365853649
627	1.142580501897018
628	1.1117116672086713
629	1.0808428325203245
